-45.49  7.35
-45.24  7.35
-44.99  7.35
-44.74  7.35
-44.49  7.35
-44.24  7.35
-43.99  7.35
-43.74  7.35
-43.49  7.35
-43.24  7.35
-42.99  7.35
-42.74  7.35
-42.49  7.35
-42.24  7.35
-41.99  7.35
-41.74  7.35
-41.49  7.35
-41.24  7.35
-40.99  7.35
-40.74  7.35
-40.49  7.35
-40.24  7.35
-39.99  7.35
-39.74  7.35
-39.49  7.35
-39.24  7.35
-38.99  7.35
-38.74  7.35
-38.49  7.35
-38.24  7.35
-37.99  7.35
-37.74  7.35
-37.49  7.35
-37.24  7.35
-36.99  7.35
-36.74  7.35
-36.49  7.35
-36.24  7.35
-35.99  7.35
-35.74  7.35
-35.49  7.35
-35.24  7.35
-34.99  7.35
-34.74  7.35
-34.49  7.35
-34.24  7.35
-33.99  7.35
-33.74  7.35
-33.49  7.35
-33.24  7.35
-32.99  7.35
-32.74  7.35
-32.49  7.35
-32.24  7.35
-31.99  7.35
-31.74  7.35
-31.49  7.35
-31.24  7.35
-30.99  7.35
-30.74  7.35
-30.49  7.35
-30.24  7.35
-29.99  7.35
-29.74  7.35
-29.49  7.35
-29.24  7.35
-28.99  7.35
-28.74  7.35
-28.49  7.35
-28.24  7.35
-27.99  7.35
-27.74  7.35
-27.49  7.35
-27.24  7.35
-26.99  7.35
-26.74  7.35
-26.49  7.35
-26.24  7.35
-25.99  7.35
-25.74  7.35
-25.49  7.35
-25.24  7.35
-24.99  7.35
-24.74  7.35
-24.49  7.35
-24.24  7.35
-23.99  7.35
-23.74  7.35
-23.49  7.35
-23.24  7.35
-22.99  7.35
-22.74  7.35
-22.49  7.35
-22.24  7.35
-21.99  7.35
-21.74  7.35
-21.49  7.35
-21.24  7.35
-20.99  7.35
-20.74  7.35
-20.49  7.35
-20.24  7.35
-19.99  7.35
-19.74  7.35
-19.49  7.35
-19.24  7.35
-18.99  7.35
-18.74  7.35
-18.49  7.35
-18.24  7.35
-17.99  7.35
-17.74  7.35
-17.49  7.35
-17.24  7.35
-16.99  7.35
-16.74  7.35
-16.49  7.35
-16.24  7.35
-15.99  7.35
-15.74  7.35
-15.49  7.35
-15.24  7.35
-14.99  7.35
-14.74  7.35
-14.49  7.35
-14.24  7.35
-13.99  7.35
-13.74  7.35
-13.49  7.35
-13.24  7.35
-12.99  7.35
-12.74  7.35
-12.49  7.35
-12.24  7.35
-11.99  7.35
-11.74  7.35
-11.49  7.35
-11.24  7.35
-10.99  7.35
-10.74  7.35
-10.49  7.35
-10.24  7.35
-9.99  7.35
-9.74  7.35
-9.49  7.35
-9.24  7.35
-8.99  7.35
-8.74  7.35
-8.49  7.35
-8.24  7.35
-7.99  7.35
-7.74  7.35
-7.49  7.35
-7.24  7.35
-6.99  7.35
-6.74  7.35
-6.49  7.35
-6.24  7.35
-5.99  7.35
-5.74  7.35
-5.49  7.35
-5.24  7.35
-4.99  7.35
-4.74  7.35
-4.49  7.35
-4.24  7.35
-3.99  7.35
-3.74  7.35
-3.49  7.35
-3.24  7.35
-2.99  7.35
-2.74  7.35
-2.49  7.35
-2.24  7.35
-1.99  7.35
-1.74  7.35
-1.49  7.35
-1.24  7.35
-0.99  7.35
-0.74  7.35
-0.49  7.35
-0.24  7.35
0.01  7.35
0.26  7.35
0.51  7.35
0.76  7.35
1.01  7.35
1.26  7.35
1.51  7.35
1.76  7.35
2.01  7.35
2.26  7.35
2.51  7.35
2.76  7.35
3.01  7.35
3.26  7.35
3.51  7.35
3.76  7.35
4.01  7.35
4.26  7.35
4.51  7.35
4.76  7.35
5.01  7.35
5.26  7.35
5.51  7.35
5.76  7.35
6.01  7.35
6.26  7.35
6.51  7.35
6.76  7.35
7.01  7.35
7.26  7.35
7.51  7.35
7.76  7.35
8.01  7.35
8.26  7.35
8.51  7.35
8.76  7.35
9.01  7.35
9.26  7.35
9.51  7.35
9.76  7.35
10.01  7.35
10.26  7.35
10.51  7.35
10.76  7.35
11.01  7.35
11.26  7.35
11.51  7.35
11.76  7.35
12.01  7.35
12.26  7.35
12.51  7.35
12.76  7.35
13.01  7.35
13.26  7.35
13.51  7.35
13.76  7.35
14.01  7.35
14.26  7.35
14.51  7.35
14.76  7.35
15.01  7.35
15.26  7.35
15.51  7.35
15.76  7.35
16.01  7.35
16.26  7.35
16.51  7.35
16.76  7.35
17.01  7.35
17.26  7.35
17.51  7.35
17.76  7.35
18.01  7.35
18.26  7.35
18.51  7.35
18.76  7.35
19.01  7.35
19.26  7.35
19.51  7.35
19.76  7.35
20.01  7.35
20.26  7.35
20.51  7.35
20.76  7.35
21.01  7.35
21.26  7.35
21.51  7.35
21.76  7.35
22.01  7.35
22.26  7.35
22.51  7.35
22.76  7.35
23.01  7.35
23.26  7.35
23.51  7.35
23.76  7.35
24.01  7.35
24.26  7.35
24.51  7.35
24.76  7.35
25.01  7.35
25.26  7.35
25.51  7.35
25.76  7.35
26.01  7.35
26.26  7.35
26.51  7.35
26.76  7.35
27.01  7.35
27.26  7.35
27.51  7.35
27.76  7.35
28.01  7.35
28.26  7.35
28.51  7.35
28.76  7.35
29.01  7.35
29.26  7.35
29.51  7.35
29.76  7.35
30.01  7.35
30.26  7.35
30.51  7.35
30.76  7.35
31.01  7.35
31.26  7.35
31.51  7.35
31.76  7.35
32.01  7.35
32.26  7.35
32.51  7.35
32.76  7.35
33.01  7.35
33.26  7.35
33.51  7.35
33.76  7.35
34.01  7.35
34.26  7.35
34.51  7.35
34.76  7.35
35.01  7.35
35.26  7.35
35.51  7.35
35.76  7.35
36.01  7.35
36.26  7.35
36.51  7.35
36.76  7.35
37.01  7.35
37.26  7.35
37.51  7.35
37.76  7.35
38.01  7.35
38.26  7.35
38.51  7.35
38.76  7.35
39.01  7.35
39.26  7.35
39.51  7.35
39.76  7.35
40.01  7.35
40.26  7.35
40.51  7.35
40.76  7.35
41.01  7.35
41.26  7.35
41.51  7.35
41.76  7.35
42.01  7.35
42.26  7.35
42.51  7.35
42.76  7.35
43.01  7.35
43.26  7.35
43.51  7.35
43.76  7.35
44.01  7.35
44.26  7.35
44.51  7.35
44.76  7.35
0.00  7.35
